[bma180]
x_factor=0.004905
x_offset=0.0
y_factor=0.004905
y_offset=0.0
z_factor=-0.004905
z_offset=0.0
v_factor=1.0
v_offset=22.5
[hmc5883]
x_factor=0.085
x_offset=0
y_factor=0.085
y_offset=0
z_factor=0.085
z_offset=0
[itg3205]
x_factor=0.001214
x_offset=0.00
y_factor=-0.001214
y_offset=0.00
z_factor=-0.001214
z_offset=0.0
v_factor=0.003571
v_offset=81.0
[bmp085]
z_factor=1.0
z_offset=300.0
v_factor=0.1
v_offset=-2.0
