[bma180]
x_factor=0.004855
x_offset=0.53
y_factor=-0.004770
y_offset=-0.36
z_factor=-0.004465
z_offset=0.88
v_factor=0.5
v_offset=20
[hmc5883]
x_factor=0.096
x_offset=-11
y_factor=0.087
y_offset=-2
z_factor=0.086
z_offset=13
[itg3205]
x_factor=0.001214
x_offset=0.018
y_factor=-0.001214
y_offset=0.025
z_factor=-0.001214
z_offset=-0.013
v_factor=0.003501
v_offset=81
[bmp085]
z_factor=1.0
z_offset=100.0
v_factor=0.1
v_offset=-3.0
