[bma180]
x_factor=0.004765
x_offset=-1.12
y_factor=-0.004752
y_offset=-3.76
z_factor=-0.004865
z_offset=-1.74
v_factor=0.5
v_offset=20
[hmc5883]
xx_factor=0.084
x_offset=-10
yy_factor=0.0
yz_factor=-0.085
y_offset=0
zy_factor=-0.095
zz_factor=0.0
z_offset=1
[itg3205]
x_factor=0.001214
x_offset=0.058
y_factor=-0.001214
y_offset=-0.015
z_factor=-0.001214
z_offset=0.005
v_factor=0.003501
v_offset=81
[bmp085]
z_factor=1.0
z_offset=100.0
v_factor=0.1
v_offset=-3.0
