[bma180]
x_factor=0.004855
x_offset=0.53
y_factor=-0.004770
y_offset=-0.36
z_factor=-0.004465
z_offset=0.88
v_factor=0.5
v_offset=20
[hmc5883]
xx_factor=0.085
x_offset=-2
yy_factor=0.0
yz_factor=-0.086
y_offset=-10
zy_factor=-0.094
zz_factor=0.0
z_offset=1
[itg3205]
x_factor=0.001214
x_offset=0.018
y_factor=-0.001214
y_offset=0.025
z_factor=-0.001214
z_offset=-0.013
v_factor=0.003501
v_offset=81
[bmp085]
z_factor=1.0
z_offset=100.0
v_factor=0.1
v_offset=-3.0
