[adxl345]
x_factor=0.0370818
x_offset=-0.15
y_factor=-0.0370818
y_offset=0.15
z_factor=-0.0387495
z_offset=-1.05
[hmc5843]
xx_factor=0
xy_factor=0.085
x_offset=0
yx_factor=0.085
yy_factor=0
y_offset=0
zz_factor=0.085
z_offset=0
[itg3200]
x_factor=0.001214
x_offset=0.012
y_factor=-0.001214
y_offset=-0.002
z_factor=-0.001214
z_offset=-0.008
v_factor=0.003571
v_offset=75.0
